00000000
00000000
00000000
00000000
00000000
10000000
11111000
00100000
00000000
00000000
00000000
00000000
00000000
00000000
11110000
00100000
00000000
00000000
00000000
00000000
10001111
11001101
00000000
00000000
00000000
00000000
00000000
00000000
00000011
11000001
11100000
00100000
00000000
00000000
00000000
00000000
10001111
10001110
00000000
00000000
00000000
00000000
00000000
00000000
00000001
11001101
00110000
00101010
00000000
00000000
00000000
00000000
00010000
11000000
00000000
00000011
10101111
11001110
00000000
00000000
00000000
00000000
00000000
00000000
10101111
10001101
00000000
00000000
00000000
00000000
00000000
00000000
00000000
00000000
00000000
00000000
00000000
00000000
00000000
00000000
00100011
11011110
00000000
00000001
00000000
00000000
00000000
00000000
00000011
11011111
00110000
00101010
00000000
00000000
00000000
00000000
00010000
11000001
11111111
11101100
00000011
11100001
11111000
00100010
00000000
00011111
00110000
00101010
00010000
11000001
11111111
11100111
00000000
10111110
01111000
00100010
00000000
00000000
00000000
00000000
00000000
00000000
00000000
00000000
00000000
10000000
11111000
00100000
00000000
00000000
00000000
00000000
00000000
00000000
11110000
00100000
00000000
00000000
00000000
00000000
10001111
11001101
00000000
00000000
00000000
00000000
00000000
00000000
00000011
11000001
11100000
00100000
00000000
00000000
00000000
00000000
10001111
10001110
00000000
00000000
00000000
00000000
00000000
00000000
00000001
11001101
00110000
00101010
00000000
00000000
00000000
00000000
00010000
11000000
00000000
00000011
10101111
11001110
00000000
00000000
00000000
00000000
00000000
00000000
10101111
10001101
00000000
00000000
00000000
00000000
00000000
00000000
00000000
00000000
00000000
00000000
00000000
00000000
00000000
00000000
00000011
11000001
11110000
00100000
00000000
00000000
00000000
00000000
00000011
11011111
00110000
00101010
00000000
00000000
00000000
00000000
00010000
11000001
11111111
11101100
00000011
11100001
11111000
00100010
00000000
00011111
00110000
00101010
00010000
11000001
11111111
11100111
00000000
10111110
01111000
00100010
00000000
00000000
00000000
00000000
